6.286e-06
4.987e-06
4.508e-06
4.473e-06
4.522e-06
4.494e-06
4.507e-06
4.501e-06
4.508e-06
4.467e-06
4.502e-06
4.502e-06
4.486e-06
4.503e-06
4.531e-06
4.521e-06
4.492e-06
4.496e-06
4.507e-06
4.496e-06
4.46e-06
4.533e-06
4.498e-06
4.49e-06
4.501e-06
4.499e-06
4.475e-06
4.496e-06
4.49e-06
4.488e-06
4.506e-06
4.5e-06
4.501e-06
4.488e-06
4.516e-06
4.522e-06
4.493e-06
4.503e-06
4.504e-06
4.499e-06
4.475e-06
4.522e-06
4.5e-06
4.507e-06
4.494e-06
4.453e-06
4.491e-06
4.471e-06
4.49e-06
4.489e-06
4.456e-06
4.49e-06
4.488e-06
4.496e-06
4.525e-06
4.508e-06
4.483e-06
4.488e-06
4.492e-06
4.474e-06
4.495e-06
4.487e-06
4.514e-06
4.478e-06
4.503e-06
4.518e-06
4.505e-06
4.513e-06
4.491e-06
4.487e-06
4.495e-06
4.473e-06
4.528e-06
4.488e-06
4.513e-06
4.489e-06
4.509e-06
4.488e-06
4.514e-06
4.51e-06
4.497e-06
4.467e-06
4.522e-06
4.491e-06
4.514e-06
4.513e-06
4.486e-06
4.509e-06
4.489e-06
4.514e-06
4.488e-06
4.489e-06
4.491e-06
4.517e-06
4.489e-06
4.513e-06
4.47e-06
4.53e-06
4.513e-06
4.506e-06
