0.000403063
0.000559617
0.00011308
0.000607906
0.00056366
7.4833e-05
9.2098e-05
0.0010558
0.000632366
7.3154e-05
0.000548459
0.000679216
0.000579485
9.2593e-05
4.5462e-05
7.5361e-05
6.5928e-05
0.000543903
4.079e-05
3.8398e-05
0.00052304
4.0143e-05
4.3638e-05
0.000139283
8.8385e-05
4.3564e-05
0.000120292
4.3358e-05
0.00054803
4.0019e-05
4.211e-05
0.000541667
4.2686e-05
4.0126e-05
0.000518147
7.4266e-05
7.0524e-05
0.000540219
7.0018e-05
6.4478e-05
9.2311e-05
7.2836e-05
7.6341e-05
8.4608e-05
7.6417e-05
6.669e-05
0.000175758
6.7211e-05
0.000582474
6.313e-05
6.5544e-05
2.5342e-05
2.4416e-05
2.3631e-05
2.7088e-05
2.3718e-05
2.5309e-05
2.3118e-05
2.7407e-05
2.2928e-05
2.6846e-05
2.3891e-05
2.519e-05
2.2633e-05
2.6575e-05
2.3406e-05
2.7075e-05
2.2415e-05
2.5484e-05
2.3002e-05
2.6837e-05
2.2274e-05
2.6704e-05
2.2948e-05
2.5146e-05
2.3306e-05
2.6719e-05
2.3362e-05
2.7469e-05
2.2156e-05
2.6863e-05
2.3143e-05
2.6921e-05
2.4206e-05
2.6058e-05
2.3655e-05
2.68e-05
2.3192e-05
2.737e-05
2.3069e-05
2.5732e-05
2.218e-05
2.6534e-05
2.3026e-05
2.6798e-05
2.2e-05
2.7352e-05
2.3053e-05
2.7324e-05
2.3413e-05
