0.000341841
3.913e-05
3.6349e-05
3.7149e-05
3.5657e-05
3.5913e-05
3.7497e-05
3.6264e-05
3.544e-05
3.6928e-05
3.6747e-05
3.6068e-05
3.5881e-05
3.6665e-05
3.5769e-05
3.5601e-05
3.6424e-05
3.6763e-05
3.5651e-05
3.6152e-05
3.7038e-05
3.6656e-05
3.5985e-05
3.7203e-05
3.5451e-05
3.6829e-05
3.7217e-05
3.5853e-05
3.6783e-05
3.6354e-05
3.5598e-05
3.6038e-05
3.6305e-05
3.6342e-05
3.6832e-05
3.6277e-05
3.5581e-05
3.577e-05
3.6471e-05
3.6728e-05
3.6964e-05
3.6966e-05
3.7012e-05
3.6594e-05
3.5373e-05
3.6995e-05
3.5852e-05
3.6865e-05
3.6285e-05
3.6216e-05
3.7271e-05
3.5748e-05
3.6269e-05
3.6664e-05
3.5862e-05
3.7424e-05
3.6012e-05
3.5897e-05
3.5962e-05
3.6725e-05
3.6833e-05
3.5969e-05
3.6827e-05
3.7256e-05
3.7268e-05
3.6792e-05
3.618e-05
3.6626e-05
3.6245e-05
3.6548e-05
3.6295e-05
3.6197e-05
3.709e-05
3.6177e-05
3.7309e-05
3.6454e-05
3.6723e-05
3.7781e-05
3.6874e-05
3.6472e-05
3.7104e-05
3.6215e-05
3.6435e-05
3.7049e-05
3.687e-05
3.5815e-05
3.6577e-05
3.7005e-05
3.6652e-05
3.6705e-05
3.6551e-05
3.664e-05
3.6716e-05
3.5862e-05
3.6143e-05
3.6528e-05
3.7176e-05
3.5565e-05
3.7237e-05
3.7035e-05
