0.0133413
9.5711e-05
7.4641e-05
0.00123438
4.7821e-05
4.3826e-05
0.000557117
4.3688e-05
4.9349e-05
0.000507728
4.2408e-05
0.000660774
5.4822e-05
4.6034e-05
0.000544083
6.297e-05
5.0934e-05
0.000515157
4.3707e-05
0.000635632
4.6333e-05
4.3307e-05
0.00054665
4.6138e-05
6.5606e-05
0.00124324
1.2866e-05
1.1119e-05
1.0504e-05
1.0703e-05
1.084e-05
1.0837e-05
1.0535e-05
1.0754e-05
1.0704e-05
1.1165e-05
1.0506e-05
1.058e-05
1.069e-05
1.0918e-05
1.091e-05
1.0531e-05
1.0738e-05
1.0768e-05
1.0449e-05
1.0924e-05
1.049e-05
1.104e-05
1.0418e-05
1.0816e-05
1.0771e-05
1.088e-05
1.0474e-05
1.0729e-05
1.0471e-05
1.1095e-05
1.049e-05
1.0646e-05
1.0844e-05
1.0868e-05
1.0825e-05
1.1158e-05
1.0826e-05
1.4594e-05
1.0531e-05
1.137e-05
1.0502e-05
1.092e-05
1.045e-05
1.1092e-05
1.1276e-05
1.0763e-05
1.041e-05
1.0605e-05
1.0459e-05
1.1073e-05
1.0417e-05
1.1108e-05
1.0726e-05
1.0932e-05
1.0795e-05
1.0531e-05
1.0644e-05
1.0793e-05
1.0737e-05
1.1e-05
1.0623e-05
1.0755e-05
1.047e-05
1.0582e-05
1.08e-05
1.0895e-05
1.0397e-05
1.0799e-05
1.0569e-05
1.1112e-05
1.0481e-05
1.0562e-05
1.0536e-05
1.0874e-05
